output/static_maps/dem_8_slope_angles.asc
ncols         600
nrows         400
xllcorner         787667.4962
yllcorner         4802245.0088
cellsize         40.0
NODATA_value         nan
[rows 78 to 103 of 400, columns 118 to 176 of 600]
3.479611807847108884e-01 3.336974543208575672e-01 3.226939371758361097e-01 3.529602644100076625e-01 4.519924682889381873e-01 4.902342798723759998e-01 6.499296471317397295e-01 7.260937988027078571e-01 7.784220746292351834e-01 7.018180415907231406e-01 5.828414277643062524e-01 4.114840932255096062e-01 5.173647686988475103e-01 3.653780643882376666e-01 2.112220245330019841e-01 2.163082568867149280e-01 2.805015089714369969e-01 3.604251157767676683e-01 4.881365258893119452e-01 5.133195035047738441e-01 3.362248011818503302e-01 2.301067631877520558e-01 3.626045711593270382e-01 3.776964472099107462e-01 4.707857771251450218e-01 3.038882232678874473e-01 4.168760472539381201e-01 4.716743832383087920e-01 6.038004942117122797e-02 2.076067517616679570e-01 2.233055846872642192e-01 1.680517057848040785e-01 1.687008251833091166e-01 2.035299232761887400e-01 1.321413875256228776e-01 1.035324478808634791e-01 4.396892836062736842e-01 4.881365258893119452e-01 4.739207408623690720e-01 1.216260631683226956e-01 1.268339386302697047e-01 4.311480601769365206e-01 6.132137176405385581e-01 6.513128213101769814e-01 4.157591900026510467e-01 4.193913747081524646e-01 4.761615390529698177e-01 2.009662156503444208e-01 nan nan nan nan nan nan nan nan nan nan nan
7.721578946680803801e-01 6.596236284420040619e-01 5.946563834476459309e-01 6.226271171307533603e-01 6.833579520004643415e-01 6.343704094698447982e-01 7.077393984987832010e-01 6.048617005254660617e-01 6.499296471317397295e-01 6.805106019503857073e-01 5.177532532704224311e-01 4.496968838629465393e-01 4.433593968244178840e-01 5.026487211081646089e-01 2.139294528577931342e-01 1.282016567386574102e-01 2.995820142294434163e-01 4.791412311684011271e-01 4.005661951716885105e-01 4.318529378653537254e-01 3.719535483888761207e-01 2.452744822320271911e-01 4.084693893598919101e-01 4.118394764308039302e-01 3.286294723971800447e-01 3.735920219559242250e-01 5.019231182147444459e-01 2.664903489638369982e-01 5.000000001586651303e-07 3.133191646587441537e-01 2.016068771768770029e-01 2.169447638831380198e-01 2.623173521388429963e-01 2.340768514005891199e-01 1.641540039484186420e-01 1.903616160208253527e-01 3.384498876554237201e-01 3.817540802429363334e-01 5.293905270833941801e-01 2.726346934337852690e-01 3.175880879741760920e-01 4.400849281529259915e-01 4.860498739326993833e-01 2.926686569323362352e-01 2.918032309587336726e-01 3.555784655611008982e-01 3.653780643882376666e-01 0.000000000000000000e+00 nan nan nan nan nan nan nan nan nan nan nan
5.500328874357161002e-01 4.835935225166354545e-01 6.113161024421954748e-01 6.787964197782471176e-01 5.809195186869584582e-01 5.430530771026487180e-01 6.160714499133381761e-01 6.025986149532684966e-01 6.934966791039549605e-01 6.100487268396040941e-01 3.801261650012614512e-01 2.901360812276845835e-01 2.728778103731019922e-01 4.792378074222369277e-01 2.354729850013713155e-01 1.426022599244023414e-01 3.193071555225301394e-01 3.567527642675840105e-01 3.175873994336834705e-01 2.336852818072472360e-01 3.637717414237669478e-01 4.731732651342072660e-01 5.767647228402663639e-01 3.471262270931327332e-01 3.294753612794111275e-01 2.943995519818852213e-01 3.449720023305641314e-01 3.396377383780047610e-01 2.310017346159337903e-01 1.835903229941976411e-01 3.496295711691824182e-01 2.296475707732766602e-01 2.498158995046852460e-01 1.582975102812690105e-01 9.456197176584033026e-02 1.463012967538076803e-01 3.035718756876267799e-01 4.724246119191505833e-01 5.495477440044940209e-01 3.454534553285236731e-01 3.184395737706912088e-01 3.874688025690317117e-01 3.132740904094398204e-01 2.961286321026861956e-01 4.225391888753441405e-01 4.162347002263248608e-01 8.130660357471616861e-02 nan nan nan nan nan nan nan nan nan nan nan nan
5.397755253487930283e-01 5.655866354996614831e-01 6.017514641482011317e-01 5.716226181731284273e-01 6.075061966098184163e-01 5.946558599573978920e-01 6.066670860618493810e-01 6.405499903356304259e-01 5.865570671715469864e-01 5.907149179937434269e-01 5.868379243523018651e-01 2.935343308540445117e-01 2.103195770570404910e-01 3.742294259136946244e-01 3.073242900049728554e-01 2.969924892282573836e-01 4.455374694267932867e-01 4.263289096500342268e-01 3.508743691396247755e-01 2.535746031985210980e-01 4.580890470548610316e-01 5.622120856034013014e-01 3.897567593016100229e-01 3.554529360668835514e-01 3.554529360668835514e-01 2.363666231565088038e-01 2.124813662662280167e-01 3.491067905409991901e-01 2.417153010146280978e-01 1.001834159899036777e-02 4.701740006751465861e-01 2.435348763636933644e-01 2.882954282891931341e-01 1.543863610012999876e-01 1.610606853009660111e-01 1.619807763133830625e-01 2.131204824312693813e-01 3.277830952515065066e-01 3.294753612794111275e-01 1.370444878916720621e-01 5.540569930990393299e-01 4.670654982813151057e-01 2.616942844993973560e-01 3.311656711089365768e-01 5.004695901798372759e-01 3.446176646403688038e-01 0.000000000000000000e+00 nan nan nan nan nan nan nan nan nan nan nan nan
5.269770114213415679e-01 5.776120906689753420e-01 5.374961465408345518e-01 5.927101087706028171e-01 6.489184083471524200e-01 6.619785438675379607e-01 6.404698281082819022e-01 6.768759937527341064e-01 5.519725326206207372e-01 5.868379243523018651e-01 5.397755253487930283e-01 4.858124950069799830e-01 2.761346853279763036e-01 2.585631932566476165e-01 1.530824579765418247e-01 1.407508866300953010e-01 3.850035313602147014e-01 3.631873429374590234e-01 3.573395286171675567e-01 3.736506673810383039e-01 5.203865514281896809e-01 3.038882232678874473e-01 3.521283537711266676e-01 2.567954068121579003e-01 2.969938844280100021e-01 2.372577143900300167e-01 6.602790082724251108e-02 3.707529372931565037e-01 4.162347002263248608e-01 1.324071040785031739e-01 4.694230545545107769e-01 2.710182456661433537e-01 1.893957470876157234e-01 7.666058612343670808e-02 2.629718580890926805e-01 4.596087293186079115e-01 3.412661039448487976e-01 4.974674514089166832e-01 5.283952584600766222e-01 4.641504122085939321e-01 5.153444532476653128e-01 3.908991287219633626e-01 4.011337542984231286e-01 4.896981720979436958e-01 5.082364473743434807e-01 4.489305556994308555e-01 1.342620071787544445e-01 nan nan nan nan nan nan nan nan nan nan nan nan
6.596236284420040619e-01 5.828981734536072823e-01 5.520052370126323771e-01 5.347026572186067694e-01 5.608586692202670587e-01 6.331443021605684951e-01 7.447907469421060078e-01 5.635118621466963518e-01 4.781850579128742451e-01 5.606427939761482460e-01 5.870201907570996580e-01 6.288327580778423354e-01 3.759641227786315598e-01 3.379085824710623132e-01 1.380432193484061321e-01 8.949570653160784928e-02 3.243913490415703538e-01 3.004447354559821037e-01 3.841919673805990754e-01 2.796284531856959021e-01 3.124643513674087991e-01 3.387490485199138313e-01 2.470513447877490665e-01 2.434960376655883330e-01 2.529486578174857114e-01 2.716381479114521880e-01 2.594457549796395091e-01 2.864517708615482716e-01 5.254004865081698394e-01 2.969924892282573836e-01 4.112784813979573073e-01 1.687003009120729702e-01 1.601418062070532888e-01 1.555329219247993389e-01 2.579505147384217323e-01 3.585103938904514731e-01 5.608597633784715430e-01 5.663705656688682311e-01 6.066670860618493810e-01 5.998233865384443586e-01 3.809390730098125011e-01 2.157333677809388783e-01 2.612096374489480954e-01 3.124643513674087991e-01 2.327912197521362636e-01 3.286294723971800447e-01 0.000000000000000000e+00 nan nan nan nan nan nan nan nan nan nan nan nan
4.373476542084342999e-01 5.326023036016969137e-01 5.198906843146897661e-01 6.319144939345218148e-01 5.776131616165951499e-01 6.300661195785612900e-01 6.554097152475401034e-01 nan 5.654188155428022666e-01 5.625566581735713667e-01 5.860936583272986500e-01 7.655841724062472098e-01 5.934740058359129211e-01 4.912572229311102379e-01 3.379085824710623132e-01 2.506002875435702770e-01 3.431963776869818572e-01 3.211127538795208736e-01 3.538169949050025131e-01 4.051179101426000129e-01 4.225379195931133203e-01 3.362261609667776541e-01 1.985441062057007877e-01 2.086502115524430934e-01 2.654295567165608771e-01 2.610700017596652156e-01 3.056058000992014634e-01 2.535746031985210980e-01 4.471681665154081942e-01 1.976376346817810548e-01 2.028892492976994699e-01 2.434960376655883330e-01 2.048107626223069078e-01 1.674969473491342009e-01 3.496968716685157630e-01 3.695920117417126338e-01 3.851765652600036560e-01 3.443803785555106245e-01 3.768626583016241316e-01 4.162347002263248608e-01 2.796298628298993227e-01 2.778824397654802714e-01 2.076079610449676760e-01 2.105660572830977961e-01 2.864517708615482716e-01 4.146533679243245563e-01 0.000000000000000000e+00 nan nan nan nan nan nan nan nan nan nan nan nan
5.148386502521129504e-01 4.670654982813151057e-01 4.091013666725224485e-01 5.191789787134494238e-01 5.304967366664722350e-01 5.991795613889965288e-01 nan nan nan 4.808137140450248759e-01 5.458176547855997374e-01 5.298883297073706533e-01 5.153444532476653128e-01 5.658948344495305927e-01 3.672670268936870097e-01 2.354722635887890048e-01 2.672943590229538979e-01 2.366031036596256965e-01 4.106903999016582318e-01 4.311480601769365206e-01 3.965948280858380137e-01 4.152005737160727739e-01 4.000001937791995976e-01 3.841906558604856747e-01 3.735920219559242250e-01 2.822455988777563540e-01 2.202350820433974787e-01 1.945442448835078553e-01 4.351531317818598810e-01 2.900689278519067438e-01 3.890533388766524991e-01 2.790611772737713880e-01 1.771266608274410792e-01 2.247277411250880597e-01 3.661020303795116670e-01 3.187044850374198268e-01 3.491063141825854754e-01 1.990406373396609307e-01 3.320100904931902464e-01 2.700039515851138661e-01 3.073242900049728554e-01 2.548258845383093441e-01 2.950345848205171984e-01 3.328540184879176800e-01 4.412361780540003942e-01 1.751845677492817333e-01 nan nan nan nan nan nan nan nan nan nan nan nan nan
nan 4.016987552599491362e-01 4.252214731297134787e-01 4.724234019993687195e-01 5.762851106895293674e-01 nan nan nan nan nan 5.581449202129372678e-01 4.855280178545061665e-01 4.422688872702785212e-01 5.348456075200005433e-01 4.319273373053045262e-01 1.638216124123302864e-01 2.710192472961017174e-01 3.920404235504795776e-01 4.301981719326604114e-01 4.079058394816137412e-01 4.724246119191505833e-01 5.978891684887257529e-01 4.427783239834159335e-01 2.635628618266124268e-01 2.864517708615482716e-01 2.815282313550037663e-01 1.894500171106535125e-01 1.576451108472524953e-01 3.120647245547757409e-01 3.038882232678874473e-01 2.784438671047772540e-01 2.345789634807631252e-01 1.964722569000842689e-01 2.060909207702443235e-01 3.653773988492993730e-01 3.320100904931902464e-01 3.138784184271936617e-01 2.616942844993973560e-01 3.834545854395012277e-01 4.358165783745263644e-01 3.235152307777652281e-01 3.678481994855661297e-01 3.784948117292461500e-01 3.243927199057327071e-01 3.979162963487644089e-01 6.226149449136582359e-02 nan nan nan nan nan nan nan nan nan nan nan nan nan
nan 4.373665937257268932e-01 4.627965956166162909e-01 4.665328855091452342e-01 nan nan nan nan nan nan nan 5.048220589837526528e-01 4.496968838629465393e-01 5.055465157939691423e-01 3.390435321536355295e-01 2.363651809508765245e-01 5.676027190169679049e-01 6.007823232243179046e-01 4.296472128340392826e-01 4.643995763621690531e-01 6.151818531865420603e-01 5.506345117844499981e-01 2.901350905736247987e-01 2.460489577186432686e-01 2.359718277318690050e-01 2.516961595927730277e-01 1.812380867827050879e-01 2.968677838466328711e-01 2.516961595927730277e-01 1.240439848702271641e-01 1.738880492699362568e-01 2.193354586560989916e-01 3.243927199057327071e-01 2.328115593716101606e-01 3.666841888117893244e-01 4.186038318510468259e-01 3.253162487785871693e-01 3.156899792189430953e-01 3.703129775550319525e-01 3.602671287597060124e-01 2.889092032412651778e-01 4.580902745141700039e-01 3.446183405025289304e-01 3.412661039448487976e-01 4.106903999016582318e-01 0.000000000000000000e+00 nan nan nan nan nan nan nan nan nan nan nan nan nan
nan nan 3.880421180112976209e-01 nan nan nan nan nan nan nan nan 5.927090590356018929e-01 3.496959193610962302e-01 4.922959856566465064e-01 4.358153244237369939e-01 1.324071040785031739e-01 5.283859557179713118e-01 6.689926457365388268e-01 6.331433104731544192e-01 5.916357518485940714e-01 5.293901251884657322e-01 3.760471096156656756e-01 2.858371035231160873e-01 3.235152307777652281e-01 2.931993409073123114e-01 2.759724504799694889e-01 2.283166931396191646e-01 3.126685488132369128e-01 3.479598323170192686e-01 1.240454873904642957e-01 2.347087011854290250e-01 3.429425486407762791e-01 3.223139888748070558e-01 2.012673920388145243e-01 2.629402113740796909e-01 3.595984845126308782e-01 3.353828464308344359e-01 2.635628618266124268e-01 2.340768514005891199e-01 3.303207611111209641e-01 4.746688510257963678e-01 3.866250584529189460e-01 3.116088509334876133e-01 3.643539960811085221e-01 4.694230545545107769e-01 0.000000000000000000e+00 nan nan nan nan nan nan nan nan nan nan nan nan nan
nan nan nan nan nan nan nan nan nan nan nan nan 3.060027973248963806e-01 4.579722527906415763e-01 5.480894036597880881e-01 4.716741745852605083e-01 4.140807069297476328e-01 7.308270680939542574e-01 6.554817411173369246e-01 5.901053614650229040e-01 3.801248491877705638e-01 3.626045711593270382e-01 5.333041322057892053e-01 3.938954108669963095e-01 2.422758921058028314e-01 2.741156133810834783e-01 2.883335285480924104e-01 3.004447354559821037e-01 3.126685488132369128e-01 2.770087796697539573e-01 2.245754613692058643e-01 4.381413858811310513e-01 2.435353844747378538e-01 2.085121793348963526e-01 2.907491835844849271e-01 3.631882857248238672e-01 2.827604415059603582e-01 3.620205979529921847e-01 3.637717414237669478e-01 4.035225074674564372e-01 4.056534500420997946e-01 4.656597400617251692e-01 5.031244422675257288e-01 5.220223245902420039e-01 1.751845677492817333e-01 nan nan nan nan nan nan nan nan nan nan nan nan nan nan
nan nan nan nan nan nan nan nan nan nan nan nan nan 3.060027973248963806e-01 4.504210440143993632e-01 5.304978719235736717e-01 7.599659385769726161e-02 6.068681256197341334e-01 6.672465917851303496e-01 6.269760570757306750e-01 6.558293591934225564e-01 6.608021639335063258e-01 5.193812624643249221e-01 4.771315839967469885e-01 2.403867102597917471e-01 2.576787925355101261e-01 2.952643193766140706e-01 4.263302513222260726e-01 3.253162487785871693e-01 2.372577143900300167e-01 3.141739335704337166e-01 3.431963776869818572e-01 2.315465298137360517e-01 1.665770538544593393e-01 3.307032635719539537e-01 2.974783942314964680e-01 2.822455988777563540e-01 2.422758921058028314e-01 2.591989294218755568e-01 2.366031036596256965e-01 4.079067486541843590e-01 4.493378839983277473e-01 5.402792422461080157e-01 1.777737259826246141e-01 nan nan nan nan nan nan nan nan nan nan nan nan nan nan nan
nan nan nan nan nan nan nan nan nan nan nan nan nan nan nan 5.000436016326084143e-01 3.133193791989333232e-01 5.814431132021931070e-01 6.890114545994440176e-01 5.582432036717555057e-01 5.348456075200005433e-01 5.933596099489804043e-01 4.519924682889381873e-01 3.313005990066822948e-01 2.193354586560989916e-01 2.550288351417842603e-01 2.452744822320271911e-01 4.129606419063991396e-01 3.126695256842690340e-01 3.030280447967979018e-01 2.245764868205892273e-01 2.542003455691417280e-01 2.759714516296769005e-01 3.286294723971800447e-01 4.617265148851339429e-01 4.059167261380038916e-01 3.209932222923566614e-01 2.434960376655883330e-01 1.830651376470989189e-01 2.073703940707864457e-01 3.449720023305641314e-01 2.980887760916356433e-01 2.672943590229538979e-01 nan nan nan nan nan nan nan nan nan nan nan nan nan nan nan nan
nan nan nan nan nan nan nan nan nan nan nan nan nan nan nan nan 3.047479379171617042e-01 5.178691233863097487e-01 6.392552346034698907e-01 6.519094603733168736e-01 5.702853117585671150e-01 5.795993328852129256e-01 3.437800196417716836e-01 2.666729691645208788e-01 3.554529360668835514e-01 3.612512322917347807e-01 3.938954108669963095e-01 4.045251614839090459e-01 2.870662157071970366e-01 2.839872233281708347e-01 1.912714240478341210e-01 2.790601801796657178e-01 4.633312079890908319e-01 6.374267600447278692e-01 4.151996703140314882e-01 3.514641643263481940e-01 3.420113740980962325e-01 3.504630064613366014e-01 2.848573727173965286e-01 3.175873994336834705e-01 3.514641643263481940e-01 1.619807763133830625e-01 0.000000000000000000e+00 nan nan nan nan nan nan nan nan nan nan nan nan nan nan nan nan
nan nan nan nan nan nan nan nan nan nan nan nan nan nan nan nan nan 4.471672893014315142e-01 7.663072576899352395e-01 6.039565829498236837e-01 5.437450892278922199e-01 4.964361351929947319e-01 4.218902514179763696e-01 3.858132521011384819e-01 4.264606684707965556e-01 4.067137069247911962e-01 3.372613739187727555e-01 3.805792976650578807e-01 3.521283537711266676e-01 2.067307432540134160e-01 1.967293663672552151e-01 2.080098727664233260e-01 4.458595835503764704e-01 1.977567775681461915e-01 2.802951423398579722e-01 4.964353010026046897e-01 5.133195035047738441e-01 4.285417818759059694e-01 4.193907382758016444e-01 4.902181441392580163e-01 5.409735690305788047e-01 0.000000000000000000e+00 nan nan nan nan nan nan nan nan nan nan nan nan nan nan nan nan nan
nan nan nan nan nan nan nan nan nan nan nan nan nan nan nan nan nan 3.107528787585130403e-01 7.618758836930340506e-01 6.048617005254660617e-01 5.368207311905617285e-01 5.203873636432380101e-01 4.515030705247788934e-01 4.982864300564389670e-01 3.345403972234498036e-01 2.882944365493723682e-01 2.956458788125352899e-01 2.956458788125352899e-01 3.090371835157942892e-01 3.320100904931902464e-01 3.429425486407762791e-01 3.235439133788096111e-01 4.400844865832774788e-01 3.223149595728543870e-01 3.328540184879176800e-01 4.723758871931816872e-01 5.800426011919612712e-01 4.558206965496523488e-01 4.806282289493502557e-01 6.017514641482011317e-01 1.861727496978768381e-01 nan nan nan nan nan nan nan nan nan nan nan nan nan nan nan nan nan nan
nan nan nan nan nan nan nan nan nan nan nan nan nan nan nan nan nan nan 6.784979295331229343e-01 6.169942985661032164e-01 5.809765618896600703e-01 4.781850579128742451e-01 5.499482825565754629e-01 5.290912658667084045e-01 4.334842128712961262e-01 2.542003455691417280e-01 2.233055846872642192e-01 2.925861508646026010e-01 2.516961595927730277e-01 2.995827107195246919e-01 4.739213448956540731e-01 3.201424860297909514e-01 2.345804069230564559e-01 3.538169949050025131e-01 3.662024066921383825e-01 4.114840932255096062e-01 4.858124950069799830e-01 3.021674034023724698e-01 3.243913490415703538e-01 5.170403855697638384e-01 0.000000000000000000e+00 nan nan nan nan nan nan nan nan nan nan nan nan nan nan nan nan nan nan
nan nan nan nan nan nan nan nan nan nan nan nan nan nan nan nan nan nan nan 6.760644216600752987e-01 6.703484351502457805e-01 6.157365181838744261e-01 5.828981734536072823e-01 4.943675341434586867e-01 5.107809793278875743e-01 4.357021833108090658e-01 2.747354416015928558e-01 2.616932777596829851e-01 3.107528787585130403e-01 3.694905802972412445e-01 2.995813177390623805e-01 1.647408688934471344e-01 1.543863610012999876e-01 2.426062249859076148e-01 1.835904850345662365e-01 2.535746031985210980e-01 3.395890171035074734e-01 2.452744822320271911e-01 3.029635651220219938e-01 5.561035532879062826e-01 9.444909571133947024e-03 nan nan nan nan nan nan nan nan nan nan nan nan nan nan nan nan nan nan
nan nan nan nan nan nan nan nan nan nan nan nan nan nan nan nan nan nan nan nan nan 6.489184083471524200e-01 6.142904160602491448e-01 5.939335995981774863e-01 5.203865514281896809e-01 5.082360356519591837e-01 3.782742923194202245e-01 4.671667818428305030e-01 4.671667818428305030e-01 3.866250584529189460e-01 2.761346853279763036e-01 2.559116110589843007e-01 1.775803233671399417e-01 2.003604527103906296e-01 1.821517659295533720e-01 1.730013673345661140e-01 1.794098116881556459e-01 1.893947063706034328e-01 3.637284860339734527e-01 3.084309703773627231e-01 nan nan nan nan nan nan nan nan nan nan nan nan nan nan nan nan nan nan nan
nan nan nan nan nan nan nan nan nan nan nan nan nan nan nan nan nan nan nan nan nan 5.696926328446111354e-01 5.622120856034013014e-01 4.761621416955642005e-01 3.857500252316903855e-01 4.196653840227925203e-01 4.761609364100006792e-01 5.622131779000105745e-01 4.039606079530709826e-01 5.533736518509413393e-01 2.016073950246285995e-01 2.952643193766140706e-01 2.247277411250880597e-01 1.452444655481733293e-01 2.700039515851138661e-01 1.949103755501180035e-01 2.488280495756166888e-01 3.138784184271936617e-01 2.822455988777563540e-01 0.000000000000000000e+00 nan nan nan nan nan nan nan nan nan nan nan nan nan nan nan nan nan nan nan
nan nan nan nan nan nan nan nan nan nan nan nan nan nan nan nan nan nan nan nan nan 6.138446226765278402e-01 5.635118621466963518e-01 5.592043703175020308e-01 5.243993712391872286e-01 4.761609364100006792e-01 3.890533388766524991e-01 4.855271738769854073e-01 5.622120856034013014e-01 5.388888522078945087e-01 3.235439133788096111e-01 2.603279034043180507e-01 1.803604775322124598e-01 1.803241015775768896e-01 4.151996703140314882e-01 4.011220907096811339e-01 2.919747133383204796e-01 4.872897224365033697e-01 4.138681252002673894e-02 nan nan nan nan nan nan nan nan nan nan nan nan nan nan nan nan nan nan nan nan
nan nan nan nan nan nan nan nan nan nan nan nan nan nan nan nan nan nan nan nan nan 6.253529392592225289e-01 5.748853472332514647e-01 5.730013837474396965e-01 5.837723329853176102e-01 6.707338922577184004e-01 5.581460180965202023e-01 5.340042491315574180e-01 6.386456385114380740e-01 4.931707956024930506e-01 2.321791391876370514e-01 2.722578361700546123e-01 3.158829971428252503e-01 3.512959342257205853e-01 3.462907686752672576e-01 3.167347474042459532e-01 4.233245965123689780e-01 2.635628618266124268e-01 nan nan nan nan nan nan nan nan nan nan nan nan nan nan nan nan nan nan nan nan nan
nan nan nan nan nan nan nan nan nan nan nan nan nan nan nan nan nan nan nan nan nan nan 6.418367473297891257e-01 5.720576804837670393e-01 4.776584645744731961e-01 5.015853231551621327e-01 5.658948344495305927e-01 4.235575613829183905e-01 5.055453477826626907e-01 4.536645917552007412e-01 4.090317561727200846e-01 3.801261650012614512e-01 3.653773988492993730e-01 3.955064261528101754e-01 2.735098069730430015e-01 3.150280136279977605e-01 2.372341874692838748e-01 nan nan nan nan nan nan nan nan nan nan nan nan nan nan nan nan nan nan nan nan nan nan
nan nan nan nan nan nan nan nan nan nan nan nan nan nan nan nan nan nan nan nan nan nan 4.894994508278506795e-01 5.868379243523018651e-01 5.985341280957561239e-01 4.975573582479355661e-01 4.694230545545107769e-01 3.004447354559821037e-01 3.116088509334876133e-01 2.882944365493723682e-01 3.060037783669694034e-01 2.735112215221513488e-01 3.345403972234498036e-01 3.390444917657785551e-01 2.772085932692077703e-01 4.450904270387853745e-01 0.000000000000000000e+00 nan nan nan nan nan nan nan nan nan nan nan nan nan nan nan nan nan nan nan nan nan nan
nan nan nan nan nan nan nan nan nan nan nan nan nan nan nan nan nan nan nan nan nan nan 6.349823875718598742e-01 6.220040433909922450e-01 5.861827263554868495e-01 4.731720561406995151e-01 3.512959342257205853e-01 3.116088509334876133e-01 3.098964357075433829e-01 3.537916654584744025e-01 3.038882232678874473e-01 1.894500171106535125e-01 2.685365041478652293e-01 4.746688510257963678e-01 1.231138170716752911e-01 1.771266608274410792e-01 8.293311944606894526e-02 nan nan nan nan nan nan nan nan nan nan nan nan nan nan nan nan nan nan nan nan nan nan
