output/static_maps/dem_8_slope_angles.asc
ncols         600
nrows         400
xllcorner         787667.4962
yllcorner         4802245.0088
cellsize         40.0
NODATA_value         nan
[rows 182 to 207 of 400, columns 354 to 412 of 600]
nan nan nan nan nan nan nan nan nan nan nan nan nan nan nan nan nan nan nan nan nan nan nan nan nan nan nan nan nan nan nan nan nan nan nan nan nan nan nan nan nan nan 2.201266669054290914e-01 5.749558380700083848e-01 6.810809412693712428e-01 8.918544919413146088e-01 5.957661675929586398e-01 5.911762210244830840e-01 5.188769636996216628e-01 6.113166140587786845e-01 4.307497434355265775e-01 5.772346079426947663e-01 6.200647261517412412e-01 5.561046539673388800e-01 5.608597633784715430e-01 5.622120856034013014e-01 5.540569930990393299e-01 4.829123093197018046e-01 5.914083484787768796e-01
nan nan nan nan nan nan nan nan nan nan nan nan nan nan nan nan nan nan nan nan nan nan nan nan nan nan nan nan nan nan nan nan nan nan nan nan nan nan nan nan nan nan 2.833549545355936502e-03 6.519104245885607440e-01 6.525060382194417530e-01 9.636031165072946880e-01 9.936564881382854431e-01 5.592035950232513430e-01 5.471149446792975546e-01 5.328666511383831628e-01 2.654295567165608771e-01 4.365912397992421923e-01 5.655866354996614831e-01 5.828971099009648826e-01 5.842137079137554867e-01 6.036744495744790218e-01 6.213799081189990137e-01 6.036744495744790218e-01 5.098740885670999257e-01
nan nan nan nan nan nan nan nan nan nan nan nan nan nan nan nan nan nan nan nan nan nan nan nan nan nan nan nan nan nan nan nan nan nan nan nan nan nan nan nan nan nan 2.148319519630280949e-01 6.507146730711727001e-01 7.812866550485083605e-01 8.372220827945029420e-01 8.700970720491201238e-01 6.355943083612776157e-01 6.833370884579249571e-01 6.499296471317397295e-01 7.170426073067212025e-01 5.865570671715469864e-01 4.520436584800774926e-01 5.914083484787768796e-01 5.581449202129372678e-01 5.622131779000105745e-01 5.894530138028259980e-01 5.055453477826626907e-01 4.435491749885805413e-01
nan nan nan nan nan nan nan nan nan nan nan nan nan nan nan nan nan nan nan nan nan nan nan nan nan nan nan nan nan nan nan nan nan nan nan nan nan nan nan nan nan nan 2.892014522211044381e-01 5.193804493132277988e-01 7.803334693139709621e-01 7.755404400720015134e-01 7.425203215452345074e-01 6.207552145243371289e-01 5.971376125394276535e-01 5.795751916884220867e-01 5.920964848446306217e-01 6.507146730711727001e-01 2.403867102597917471e-01 6.441033756159673107e-01 5.026487211081646089e-01 5.642389796335621766e-01 5.276812033049729234e-01 5.026487211081646089e-01 4.272432949534479274e-01
nan nan nan nan nan nan nan nan nan nan nan nan nan nan nan nan nan nan nan nan nan nan nan nan nan nan nan nan nan nan nan nan nan nan nan nan nan nan nan nan nan nan nan 2.889082118628163998e-01 6.068691552220017993e-01 5.234405209191694830e-01 7.564784981825252164e-01 6.674711904938052109e-01 4.067137069247911962e-01 4.723767427773644667e-01 4.995291162717361289e-01 6.375372380486111767e-01 4.633936705179798610e-01 6.062154342350749570e-01 4.776584645744731961e-01 5.662596002196191858e-01 5.581449202129372678e-01 4.389168662671741328e-01 3.809403879664244319e-01
nan nan nan nan nan nan nan nan nan nan nan nan nan nan nan nan nan nan nan nan nan nan nan nan nan nan nan nan nan nan nan nan nan nan nan nan nan nan nan nan nan nan nan nan nan 0.000000000000000000e+00 7.234460296022096060e-01 9.296333434630210668e-01 5.290901287376931217e-01 5.361011248714183663e-01 4.953666760286217774e-01 5.744147866100992594e-01 4.843341545488661359e-01 4.515030705247788934e-01 3.954587648585318749e-01 5.156117600452753136e-01 5.554219437209636512e-01 4.079058394816137412e-01 4.207788209813282387e-01
nan nan nan nan nan nan nan nan nan nan nan nan nan nan nan nan nan nan nan nan nan nan nan nan nan nan nan nan nan nan nan nan nan nan nan nan nan nan nan nan nan nan nan nan nan nan 4.007233472042109196e-03 1.080837986806542528e+00 5.894530138028259980e-01 4.858124950069799830e-01 5.198906843146897661e-01 5.742914172105413328e-01 4.843341545488661359e-01 4.466281749552017954e-01 5.082360356519591837e-01 5.767647228402663639e-01 6.566678347256613701e-01 6.340783518250688866e-01 3.851765652600036560e-01
nan nan nan nan nan nan nan nan nan nan nan nan nan nan nan nan nan nan nan nan nan nan nan nan nan nan nan nan nan nan nan nan nan nan nan nan nan nan nan nan nan nan nan nan nan nan 3.682111889808264288e-02 1.081882114413650342e+00 8.522363368121530502e-01 5.725289133383948403e-01 4.716741745852605083e-01 5.354027454286176546e-01 5.669319896346848298e-01 5.655866354996614831e-01 6.151818531865420603e-01 6.129511556578504106e-01 5.920964848446306217e-01 5.998728454579057567e-01 5.318742344776561382e-01
nan nan nan nan nan nan nan nan nan nan nan nan nan nan nan nan nan nan nan nan nan nan nan nan nan nan nan nan nan nan nan nan nan nan nan nan nan nan nan nan nan nan nan nan nan nan nan 7.443305922807536001e-01 7.822388097006361951e-01 5.842137079137554867e-01 5.333041322057892053e-01 5.985341280957561239e-01 6.157355013000215260e-01 6.011093377017029393e-01 6.414081029469534956e-01 6.956620377196525151e-01 6.495061997265659803e-01 5.249004779696373468e-01 5.077117418274696981e-01
nan nan nan nan nan nan nan nan nan nan nan nan nan nan nan nan nan nan nan nan nan nan nan nan nan nan nan nan nan nan nan nan nan nan nan nan nan nan nan nan nan nan nan nan nan nan nan 0.000000000000000000e+00 8.914818524922615284e-01 9.633856254848232048e-01 5.041490755495481313e-01 5.416684373514533135e-01 6.300671157410167034e-01 6.106819276002890540e-01 6.528861578579099323e-01 6.995852533046716948e-01 7.307941389470742344e-01 6.409791839842171601e-01 5.193804493132277988e-01
nan nan nan nan nan nan nan nan nan nan nan nan nan nan nan nan nan nan nan nan nan nan nan nan nan nan nan nan nan nan nan nan nan nan nan nan nan nan nan nan nan nan nan nan nan nan nan nan 1.458982880598911902e-01 9.810440088263394642e-01 7.667973132504913858e-01 4.744920208305845044e-01 3.809403879664244319e-01 4.186038318510468259e-01 5.800433560646611753e-01 7.607010514791755496e-01 8.170208416768038884e-01 8.360224536300752129e-01 6.600115956491605651e-01
nan nan nan nan nan nan nan nan nan nan nan nan nan nan nan nan nan nan nan nan nan nan nan nan nan nan nan nan nan nan nan nan nan nan nan nan nan nan nan nan nan nan nan nan nan nan nan nan nan 0.000000000000000000e+00 0.000000000000000000e+00 nan 0.000000000000000000e+00 0.000000000000000000e+00 2.805022134397905376e-01 5.842371690811095641e-01 5.965985920277208088e-01 7.841354326728662283e-01 6.713132410545710194e-01
nan nan nan nan nan nan nan nan nan nan nan nan nan nan nan nan nan nan nan nan nan nan nan nan nan nan nan nan nan nan nan nan nan nan nan nan nan nan nan nan nan nan nan nan nan nan nan nan nan nan nan nan nan nan 0.000000000000000000e+00 5.920600388706511730e-01 6.613906231791976120e-01 6.979487071863780256e-01 6.742020003221081970e-01
nan nan nan nan nan nan nan nan nan nan nan nan nan nan nan nan nan nan nan nan nan nan nan nan nan nan nan nan nan nan nan nan nan nan nan nan nan nan nan nan nan nan nan nan nan nan nan nan nan nan nan nan nan nan nan 4.135208120490939665e-01 6.483185631748686895e-01 6.453111462941637511e-01 6.817278165313948035e-01
nan nan nan nan nan nan nan nan nan nan nan nan nan nan nan nan nan nan nan nan nan nan nan nan nan nan nan nan nan nan nan nan nan nan nan nan nan nan nan nan nan nan nan nan nan nan nan nan nan nan nan nan nan nan 0.000000000000000000e+00 6.508433716872077945e-02 5.227317124769788048e-01 5.669319896346848298e-01 5.848706183164157357e-01
nan nan nan nan nan nan nan nan nan nan nan nan nan nan nan nan nan nan nan nan nan nan nan nan nan nan nan nan nan nan nan nan nan nan nan nan nan nan nan nan nan nan nan nan nan nan nan nan nan nan nan nan nan 0.000000000000000000e+00 2.361011392057059052e-02 2.139287243053457910e-01 4.035225074674564372e-01 3.898616941719869611e-01 5.861827263554868495e-01
nan nan nan nan nan nan nan nan nan nan nan nan nan nan nan nan nan nan nan nan nan nan nan nan nan nan nan nan nan nan nan nan nan nan nan nan nan nan nan nan nan nan nan nan nan nan nan nan nan nan nan nan nan 6.226266136582609967e-01 7.812866550485083605e-01 4.135208120490939665e-01 2.962569452642641044e-01 3.629045856761746180e-01 5.499482825565754629e-01
nan nan nan nan nan nan nan nan nan nan nan nan nan nan nan nan nan nan nan nan nan nan nan nan nan nan nan nan nan nan nan nan nan nan nan nan nan nan nan nan nan nan nan nan nan nan nan nan nan nan nan nan nan 5.615367587211399503e-01 6.972348013920669496e-01 7.344809494199719957e-01 3.955064261528101754e-01 2.554512197158765874e-01 4.170258142107498567e-01
nan nan nan nan nan nan nan nan nan nan nan nan nan nan nan nan nan nan nan nan nan nan nan nan nan nan nan nan nan nan nan nan nan nan nan nan nan nan nan nan nan nan nan nan nan nan nan nan nan nan nan nan nan 3.379072242886160815e-01 6.877385076029357558e-01 7.322735102493894699e-01 6.226266136582609967e-01 2.726354010552595741e-01 2.169452783679594321e-01
nan nan nan nan nan nan nan nan nan nan nan nan nan nan nan nan nan nan nan nan nan nan nan nan nan nan nan nan nan nan nan nan nan nan nan nan nan nan nan nan nan nan nan nan nan nan nan nan nan nan nan nan 0.000000000000000000e+00 7.292537515419360572e-01 7.866707918929843890e-01 6.817278165313948035e-01 6.889335780837478884e-01 5.769488871808556851e-01 3.554529360668835514e-01
nan nan nan nan nan nan nan nan nan nan nan nan nan nan nan nan nan nan nan nan nan nan nan nan nan nan nan nan nan nan nan nan nan nan nan nan nan nan nan nan nan nan nan nan nan nan nan nan nan nan nan nan 2.035299232761887400e-01 1.069298356815991502e+00 7.138773865941566710e-01 6.524652961718677702e-01 6.921096039972596259e-01 5.888000964488275812e-01 4.535212548362547169e-01
nan nan nan nan nan nan nan nan nan nan nan nan nan nan nan nan nan nan nan nan nan nan nan nan nan nan nan nan nan nan nan nan nan nan nan nan nan nan nan nan nan nan nan nan nan nan nan nan nan nan nan 0.000000000000000000e+00 4.588497866806767189e-01 1.123000082060819249e+00 5.303846379054295568e-01 6.616766619601520683e-01 7.561251385065296260e-01 7.497236434277617656e-01 6.979487071863780256e-01
nan nan nan nan nan nan nan nan nan nan nan nan nan nan nan nan nan nan nan nan nan nan nan nan nan nan nan nan nan nan nan nan nan nan nan nan nan nan nan nan nan nan nan nan nan nan nan nan nan nan 0.000000000000000000e+00 5.561035532879062826e-01 8.911088688114434664e-01 1.114471192037775005e+00 6.165169059172406207e-01 5.273976234945626507e-01 6.284199181266991729e-01 6.482342219661519911e-01 5.495477440044940209e-01
nan nan nan nan nan nan nan nan nan nan nan nan nan nan nan nan nan nan nan nan nan nan nan nan nan nan nan nan nan nan nan nan nan nan nan nan nan nan nan nan nan nan nan nan nan nan nan nan nan nan 6.398632968148583178e-01 9.911158723138585591e-01 1.027301350446091277e+00 1.003736083707548410e+00 4.724234019993687195e-01 4.787113639549671618e-01 5.888698338150962774e-01 6.392607602193137728e-01 5.513201632412974007e-01
nan nan nan nan nan nan nan nan nan nan nan nan nan nan nan nan nan nan nan nan nan nan nan nan nan nan nan nan nan nan nan nan nan nan nan nan nan nan nan nan nan nan nan nan nan nan nan nan nan nan 6.850595021382177574e-01 9.885439488049798662e-01 8.608341542977046013e-01 8.330106074351891765e-01 4.709243740817691259e-01 4.574347904601620551e-01 4.984992784415175349e-01 5.461409032561650445e-01 5.730013837474396965e-01
nan nan nan nan nan nan nan nan nan nan nan nan nan nan nan nan nan nan nan nan nan nan nan nan nan nan nan nan nan nan nan nan nan nan nan nan nan nan nan nan nan nan nan nan nan nan nan nan nan 3.265150684359001687e-01 8.661065196434221125e-01 9.265137992411535128e-01 8.250844253122084915e-01 6.227138525264535041e-01 4.319273373053045262e-01 4.622608335265049329e-01 4.713161003367614676e-01 4.400844865832774788e-01 5.193804493132277988e-01
