output/static_maps/dem_8_slope_angles.asc
ncols         600
nrows         400
xllcorner         787667.4962
yllcorner         4802245.0088
cellsize         40.0
NODATA_value         nan
[rows 52 to 77 of 400, columns 59 to 117 of 600]
nan nan nan nan nan nan nan nan nan nan nan nan nan nan nan nan nan nan nan nan nan nan nan nan nan nan nan 3.793100952392950420e-01 5.378065558388844813e-01 4.481636613096104949e-01 4.091013666725224485e-01 3.408253698467870740e-01 4.201783649089525507e-01 1.712963866094447951e-01 3.184409500789714964e-01 3.260888793366840677e-01 3.056071878498528016e-01 2.815282313550037663e-01 3.554529360668835514e-01 3.471262270931327332e-01 4.296463210888900042e-01 3.817302098154893297e-01 2.822455988777563540e-01 2.956458788125352899e-01 4.118394764308039302e-01 3.701726052697871250e-01 4.154443098423238889e-01 3.805783675816303835e-01 3.366665048079027778e-01 4.701740006751465861e-01 5.835562263515029491e-01 6.087785883207882387e-01 5.689446243612925613e-01 5.795993328852129256e-01 3.898616941719869611e-01 2.188552680307678799e-01 2.919747133383204796e-01 3.549918802841886545e-01 5.354027454286176546e-01
nan nan nan nan nan nan nan nan nan nan nan nan nan nan nan nan nan nan nan nan nan nan nan nan nan nan nan 9.456197176584033026e-02 5.485729795116233154e-01 5.471975862958040615e-01 5.312003059369686531e-01 4.611249050799218763e-01 2.943995519818852213e-01 2.347087011854290250e-01 1.314850488376999860e-01 2.956458788125352899e-01 3.235439133788096111e-01 3.801248491877705638e-01 3.512959342257205853e-01 3.260888793366840677e-01 4.296463210888900042e-01 3.307032635719539537e-01 2.918025311597023941e-01 3.690111569238249123e-01 4.191073499299697303e-01 3.863232182336089338e-01 3.066109266651622645e-01 3.678486642826720998e-01 2.105660572830977961e-01 5.959519314449333027e-01 6.023930247955495698e-01 5.492614754741914629e-01 4.079058394816137412e-01 5.524566238178573174e-01 4.943675341434586867e-01 3.672670268936870097e-01 4.230023683607718743e-01 4.536637200354453614e-01 4.917039887640833884e-01
nan nan nan nan nan nan nan nan nan nan nan nan nan nan nan nan nan nan nan nan nan nan nan nan nan nan nan nan 2.796782691367810103e-01 4.178138247563764618e-01 5.588242222742407783e-01 4.808137140450248759e-01 3.719535483888761207e-01 2.839872233281708347e-01 2.672943590229538979e-01 3.133193791989333232e-01 3.047465494150370935e-01 4.130698311422815738e-01 4.075101409067621305e-01 3.612512322917347807e-01 4.301981719326604114e-01 3.703129775550319525e-01 2.202350820433974787e-01 3.655205530776887146e-01 4.444496575526122872e-01 3.253162487785871693e-01 3.655196119660237275e-01 3.491063141825854754e-01 2.935343308540445117e-01 5.102733911664816269e-01 5.851659846054424463e-01 6.600115956491605651e-01 5.622131779000105745e-01 4.997428397449280024e-01 4.458595835503764704e-01 3.655196119660237275e-01 5.815803529550547246e-01 3.295078576975499773e-01 4.880256846729758569e-01
nan nan nan nan nan nan nan nan nan nan nan nan nan nan nan nan nan nan nan nan nan nan nan nan nan nan nan nan 1.268331878983638972e-01 0.000000000000000000e+00 2.060909207702443235e-01 5.148965783233685478e-01 6.075051679185073938e-01 5.736242715734807263e-01 4.257755541646637276e-01 3.362248011818503302e-01 3.529616079569313225e-01 3.370676197033277144e-01 4.626375780357435685e-01 4.858124950069799830e-01 4.257755541646637276e-01 3.454548062406594955e-01 2.567012771400800641e-01 2.944220755166218062e-01 4.257755541646637276e-01 3.626045711593270382e-01 3.479272980144032523e-01 4.016996692813545322e-01 3.868961440757622272e-01 4.207779220448589208e-01 4.835941205151269573e-01 5.347037868609498812e-01 6.489184083471524200e-01 5.011969369725975954e-01 4.754157833497759666e-01 4.939021502037385658e-01 5.828981734536072823e-01 2.926686569323362352e-01 4.327060549838172565e-01
nan nan nan nan nan nan nan nan nan nan nan nan nan nan nan nan nan nan nan nan nan nan nan nan nan nan nan nan nan nan nan 0.000000000000000000e+00 0.000000000000000000e+00 3.217139771530278525e-01 5.319021606375965439e-01 4.367994446390138785e-01 4.769067215360663359e-01 3.348794492977872350e-01 2.778838508192515433e-01 3.579423417520224970e-01 4.865508011622649009e-01 3.512959342257205853e-01 4.233245965123689780e-01 4.504626455279554520e-01 4.928136772934229026e-01 4.329532335838039980e-01 4.601183887943697259e-01 4.504210440143993632e-01 5.153444532476653128e-01 5.123044712836232195e-01 4.573289646762003779e-01 5.283870937829886483e-01 6.226266136582609967e-01 5.333041322057892053e-01 5.191789787134494238e-01 3.730716460731629547e-01 6.695735949439991508e-01 4.122772371145634329e-01 3.776964472099107462e-01
nan nan nan nan nan nan nan nan nan nan nan nan nan nan nan nan nan nan nan nan nan nan nan nan nan nan nan nan nan nan nan nan nan nan 7.730080215981306735e-02 2.822455988777563540e-01 9.853198434025282892e-02 2.926686569323362352e-01 2.805008045027974628e-01 2.461631118309830779e-01 3.107528787585130403e-01 2.796298628298993227e-01 2.629718580890926805e-01 2.883335285480924104e-01 4.471681665154081942e-01 3.954587648585318749e-01 3.461544952921440932e-01 3.526401386885141265e-01 3.771202023267037906e-01 4.357021833108090658e-01 3.886142408102922219e-01 5.206018105015578490e-01 5.611216921605418628e-01 5.662596002196191858e-01 5.241487499151282758e-01 5.716226181731284273e-01 6.695726568459805517e-01 4.311480601769365206e-01 3.890533388766524991e-01
nan nan nan nan nan nan nan nan nan nan nan nan nan nan nan nan nan nan nan nan nan nan nan nan nan nan nan nan nan nan nan nan nan nan nan nan nan 1.654543280522735305e-01 2.926700558008978326e-01 4.319273373053045262e-01 2.685365041478652293e-01 1.985441062057007877e-01 2.085107188407889223e-01 2.296475707732766602e-01 3.886133167568338043e-01 4.279890937573446186e-01 3.549918802841886545e-01 3.579246161793840919e-01 3.840288451717120410e-01 4.290941910283311289e-01 3.520527538461577510e-01 5.592035950232513430e-01 5.805097245727161015e-01 5.510034837917017203e-01 5.288924343068324152e-01 5.914094000519644068e-01 5.978891684887257529e-01 4.627965956166162909e-01 3.833785581219098515e-01
nan nan nan nan nan nan nan nan nan nan nan nan nan nan nan nan nan nan nan nan nan nan nan nan nan nan nan nan nan nan nan nan nan nan nan nan nan nan 1.184597962876016847e-01 2.315465298137360517e-01 4.641504122085939321e-01 3.126695256842690340e-01 2.390430651452659372e-01 2.473060788807531774e-01 3.602671287597060124e-01 4.224468976744448767e-01 3.903280782443803720e-01 4.079058394816137412e-01 3.828800595063122647e-01 4.050885308535678297e-01 3.192912695799338674e-01 6.043143141505720184e-01 5.326034360512076349e-01 5.461409032561650445e-01 5.233987140223584911e-01 5.458187694659666356e-01 5.709542521432345863e-01 5.238987827889242110e-01 3.771202023267037906e-01
nan nan nan nan nan nan nan nan nan nan nan nan nan nan nan nan nan nan nan nan nan nan nan nan nan nan nan nan nan nan nan nan nan nan nan nan nan nan nan nan 1.751845677492817333e-01 3.938954108669963095e-01 3.485164558065071416e-01 2.470513447877490665e-01 3.643549380313454433e-01 3.794273246349865181e-01 4.163184333965702089e-01 4.579713847449866093e-01 4.079067486541843590e-01 3.960273905829252983e-01 3.167361252559601215e-01 6.055923487982370901e-01 5.769499590540391187e-01 5.533736518509413393e-01 4.902336860636902216e-01 5.062680578957272637e-01 5.156117600452753136e-01 5.972436417931684671e-01 2.956458788125352899e-01
nan nan nan nan nan nan nan nan nan nan nan nan nan nan nan nan nan nan nan nan nan nan nan nan nan nan nan nan nan nan nan nan nan nan nan nan nan nan nan nan nan 1.373889890515317125e-01 4.806282289493502557e-01 4.151996703140314882e-01 4.307497434355265775e-01 3.947005386649259373e-01 4.563590122540681082e-01 4.670654982813151057e-01 4.389905971755946879e-01 4.313010354741783070e-01 3.554529360668835514e-01 4.633948915302843474e-01 5.965985920277208088e-01 5.736242715734807263e-01 5.290912658667084045e-01 5.004701774567843486e-01 4.902336860636902216e-01 6.489184083471524200e-01 2.327912197521362636e-01
nan nan nan nan nan nan nan nan nan nan nan nan nan nan nan nan nan nan nan nan nan nan nan nan nan nan nan nan nan nan nan nan nan nan nan nan nan nan nan nan nan nan 0.000000000000000000e+00 2.594457549796395091e-01 3.748088558143308768e-01 3.408253698467870740e-01 3.914708324370352321e-01 4.487958791637767786e-01 4.378955828961645924e-01 4.617256500614715931e-01 5.312003059369686531e-01 6.810809412693712428e-01 5.105921629955989527e-01 6.386466221755406902e-01 5.347037868609498812e-01 4.909685330125089231e-01 5.255634695732394057e-01 6.386466221755406902e-01 2.426062249859076148e-01
nan nan nan nan nan nan nan nan nan nan nan nan nan nan nan nan nan nan nan nan nan nan nan nan nan nan nan nan nan nan nan nan nan nan nan nan nan nan nan nan nan nan nan 0.000000000000000000e+00 1.830651376470989189e-01 4.716741745852605083e-01 4.943675341434586867e-01 4.912572229311102379e-01 4.997428397449280024e-01 5.268987738172286051e-01 6.465337438352939392e-01 7.292537515419360572e-01 7.350009737802076781e-01 4.664123294943799958e-01 4.675986848499765758e-01 5.655866354996614831e-01 5.133186847375670325e-01 6.718911224201965515e-01 4.241094486655983542e-01
nan nan nan nan nan nan nan nan nan nan nan nan nan nan nan nan nan nan nan nan nan nan nan nan nan nan nan nan nan nan nan nan nan nan nan nan nan nan nan nan nan nan nan nan nan 1.874624221530044599e-01 5.170403855697638384e-01 5.374961465408345518e-01 5.000436016326084143e-01 7.058085475658850694e-01 8.184190830570869934e-01 5.333041322057892053e-01 5.795993328852129256e-01 6.174055401315825531e-01 4.939021502037385658e-01 6.163656885636004112e-01 4.791418319548544913e-01 6.075051679185073938e-01 4.850736127581199431e-01
nan nan nan nan nan nan nan nan nan nan nan nan nan nan nan nan nan nan nan nan nan nan nan nan nan nan nan nan nan nan nan nan nan nan nan nan nan nan nan nan nan nan nan nan nan nan 2.616932777596829851e-01 5.588242222742407783e-01 5.711120653129609925e-01 7.707662627634755959e-01 5.702853117585671150e-01 4.791418319548544913e-01 5.241487499151282758e-01 6.453111462941637511e-01 5.933585611325944420e-01 5.689457073618483518e-01 5.606427939761482460e-01 5.933585611325944420e-01 5.098729261666594681e-01
nan nan nan nan nan nan nan nan nan nan nan nan nan nan nan nan nan nan nan nan nan nan nan nan nan nan nan nan nan nan nan nan nan nan nan nan nan nan nan nan nan nan nan nan nan nan nan 3.370676197033277144e-01 5.466284620025361196e-01 8.188599685709774256e-01 4.894982622790657323e-01 5.069901892631062390e-01 4.611249050799218763e-01 4.218911494586218280e-01 5.441877766274934025e-01 5.998233865384443586e-01 6.873396284480159935e-01 5.540569930990393299e-01 4.209667086735099373e-01
nan nan nan nan nan nan nan nan nan nan nan nan nan nan nan nan nan nan nan nan nan nan nan nan nan nan nan nan nan nan nan nan nan nan nan nan nan nan nan nan nan nan nan nan nan nan nan 6.120561884499510219e-01 8.933416148748382080e-01 5.716226181731284273e-01 5.156117600452753136e-01 4.975573582479355661e-01 4.340541875748127332e-01 5.367989252284083301e-01 6.323422797304962817e-01 5.423604864014119897e-01 6.392600652983163600e-01 5.234405209191694830e-01 5.451284936181610696e-01
nan nan nan nan nan nan nan nan nan nan nan nan nan nan nan nan nan nan nan nan nan nan nan nan nan nan nan nan nan nan nan nan nan nan nan nan nan nan nan nan nan nan nan nan nan nan nan nan 3.473359804529384531e-01 5.642378901279087033e-01 5.756207610377461759e-01 4.860494521765144627e-01 4.552812262166798796e-01 5.288924343068324152e-01 6.043143141505720184e-01 5.601821917568976517e-01 7.278235857275832110e-01 6.968396991995463585e-01 7.296820294029414677e-01
nan nan nan nan nan nan nan nan nan nan nan nan nan nan nan nan nan nan nan nan nan nan nan nan nan nan nan nan nan nan nan nan nan nan nan nan nan nan nan nan nan nan nan nan nan nan nan nan nan 9.043260159469969361e-02 2.765901310650729639e-01 5.855264278064900019e-01 6.483185631748686895e-01 6.368164943070425688e-01 5.596841330942867732e-01 5.437450892278922199e-01 6.732126126552082646e-01 5.407578755842630258e-01 5.939335995981774863e-01
nan nan nan nan nan nan nan nan nan nan nan nan nan nan nan nan nan nan nan nan nan nan nan nan nan nan nan nan nan nan nan nan nan nan nan nan nan nan nan nan nan nan nan nan nan nan nan nan nan nan nan 3.443808565436459745e-01 6.300671157410167034e-01 6.459132363261325116e-01 6.337568889150699825e-01 5.722904099912793363e-01 6.789025887632329503e-01 5.574650414314057389e-01 3.882444474737301587e-01
nan nan nan nan nan nan nan nan nan nan nan nan nan nan nan nan nan nan nan nan nan nan nan nan nan nan nan nan nan nan nan nan nan nan nan nan nan nan nan nan nan nan nan nan nan nan nan nan nan nan nan nan 2.429052282924685224e-01 3.612518999220634131e-01 3.690111569238249123e-01 3.342840715806904006e-01 4.373672197942789497e-01 9.654735965970225042e-02 1.176753776095803700e-01
nan nan nan nan nan nan nan nan nan nan nan nan nan nan nan nan nan nan nan nan nan nan nan nan nan nan nan nan nan nan nan nan nan nan nan nan nan nan nan nan nan nan nan nan nan nan nan nan nan nan nan nan nan 2.258451141843880461e-01 2.815277335156547434e-01 1.684143302682976906e-01 1.830651376470989189e-01 7.997952011638899406e-02 1.175283665637153058e-01
nan nan nan nan nan nan nan nan nan nan nan nan nan nan nan nan nan nan nan nan nan nan nan nan nan nan nan nan nan nan nan nan nan nan nan nan nan nan nan nan nan nan nan nan nan nan nan nan nan nan nan nan nan nan 2.258442659320342161e-01 1.894502707252190554e-01 1.184588102546925842e-01 1.286923080167650946e-01 8.105599587085017543e-02
nan nan nan nan nan nan nan nan nan nan nan nan nan nan nan nan nan nan nan nan nan nan nan nan nan nan nan nan nan nan nan nan nan nan nan nan nan nan nan nan nan nan nan nan nan nan nan nan nan nan nan nan nan nan nan 0.000000000000000000e+00 5.000000001586651303e-07 1.275446423486458758e-01 1.386989182446981272e-01
nan nan nan nan nan nan nan nan nan nan nan nan nan nan nan nan nan nan nan nan nan nan nan nan nan nan nan nan nan nan nan nan nan nan nan nan nan nan nan nan nan nan nan nan nan nan nan nan nan nan nan nan nan nan nan 5.671234164805298572e-02 1.175273803130352096e-01 4.420075323823394187e-01 1.706473203919096349e-01
nan nan nan nan nan nan nan nan nan nan nan nan nan nan nan nan nan nan nan nan nan nan nan nan nan nan nan nan nan nan nan nan nan nan nan nan nan nan nan nan nan nan nan nan nan nan nan nan nan nan nan nan nan nan 0.000000000000000000e+00 1.821517659295533720e-01 4.679194449420394641e-01 4.493378839983277473e-01 3.971133307330166340e-01
nan nan nan nan nan nan nan nan nan nan nan nan nan nan nan nan nan nan nan nan nan nan nan nan nan nan nan nan nan nan nan nan nan nan nan nan nan nan nan nan nan nan nan nan nan nan nan nan nan nan nan nan nan nan 0.000000000000000000e+00 2.310026821963546140e-01 2.390423449771849618e-01 5.933590855409729414e-01 5.677964171215515998e-01
