output/static_maps/dem_8_slope_angles.asc
ncols         600
nrows         400
xllcorner         787667.4962
yllcorner         4802245.0088
cellsize         40.0
NODATA_value         nan
[rows 364 to 389 of 400, columns 472 to 530 of 600]
nan nan nan nan nan nan nan nan nan nan nan nan nan nan nan nan nan nan nan nan nan nan nan nan nan nan nan nan nan nan nan nan nan nan nan nan nan 5.361011248714183663e-01 5.642378901279087033e-01 6.227138525264535041e-01 6.201289517931964923e-01 6.251153508013427285e-01 6.269770577230567854e-01 6.125822518930743588e-01 5.567845858242188584e-01 4.324036701568929053e-01 2.112046685892635389e-01 2.060909207702443235e-01 5.795993328852129256e-01 5.874925519103182392e-01 5.234416655366994631e-01 6.087775614502620725e-01 6.106829517424928744e-01 7.001623326809183201e-01 6.017514641482011317e-01 5.669319896346848298e-01 5.953047031498556185e-01 5.642378901279087033e-01 6.151067871760523831e-01
nan nan nan nan nan nan nan nan nan nan nan nan nan nan nan nan nan nan nan nan nan nan nan nan nan nan nan nan nan nan nan nan nan nan nan nan nan 5.213123572629801972e-01 5.198906843146897661e-01 5.543901012334273570e-01 4.716741745852605083e-01 4.865508011622649009e-01 5.113108207722606435e-01 5.333612242564385042e-01 5.293901251884657322e-01 4.766044162373790360e-01 2.918025311597023941e-01 3.532291693771259511e-01 3.670255634190881522e-01 6.016914019968160332e-01 6.030510653691958378e-01 6.595946551965561344e-01 6.801149825460910403e-01 6.885361256284260323e-01 5.948504516555157551e-01 5.622131779000105745e-01 6.251153508013427285e-01 4.828535107955455596e-01 5.655866354996614831e-01
nan nan nan nan nan nan nan nan nan nan nan nan nan nan nan nan nan nan nan nan nan nan nan nan nan nan nan nan nan nan nan nan nan nan nan nan nan 5.574650414314057389e-01 5.416684373514533135e-01 6.007823232243179046e-01 5.978902108839732055e-01 5.835562263515029491e-01 4.850054519989547841e-01 5.005577979187695314e-01 4.207788209813282387e-01 3.184395737706912088e-01 1.091364643089195868e-01 4.056534500420997946e-01 2.852222140357446589e-01 6.030517972612561284e-01 5.753556211134265297e-01 6.263573794744764500e-01 6.404708091064641451e-01 6.643248477228926863e-01 4.731720561406995151e-01 5.312003059369686531e-01 3.404271317094855753e-01 4.257755541646637276e-01 5.323701873681556673e-01
nan nan nan nan nan nan nan nan nan nan nan nan nan nan nan nan nan nan nan nan nan nan nan nan nan nan nan nan nan nan nan nan nan nan nan nan nan 4.186038318510468259e-01 4.850736127581199431e-01 5.868379243523018651e-01 4.731720561406995151e-01 3.608509320679583743e-01 3.211117824032720391e-01 4.618821377463143696e-01 5.312003059369686531e-01 6.119486917032487261e-01 4.917028030112237658e-01 6.036744495744790218e-01 3.426040011043081090e-01 4.713161003367614676e-01 5.701660642446745308e-01 5.558371784778800562e-01 7.100239513897639299e-01 4.146533679243245563e-01 3.840288451717120410e-01 7.081251786071762755e-01 6.383998981155962760e-01 5.989629708310720835e-01 6.666635038834549665e-01
nan nan nan nan nan nan nan nan nan nan nan nan nan nan nan nan nan nan nan nan nan nan nan nan nan nan nan nan nan nan nan nan nan nan nan nan nan 4.701740006751465861e-01 4.828523138682748739e-01 4.633948915302843474e-01 1.926147668962077675e-01 2.900689278519067438e-01 3.404271317094855753e-01 4.716753854310226091e-01 5.868379243523018651e-01 6.531020726197496185e-01 5.283870937829886483e-01 6.138456422792905043e-01 4.686715359118517887e-01 3.995199545967451638e-01 5.056838558040760434e-01 4.850736127581199431e-01 6.238731019029365443e-01 2.156700274649362981e-01 5.319021606375965439e-01 5.639890322494587327e-01 6.637519387914333491e-01 6.684102225457247970e-01 5.141796605443853529e-01
nan nan nan nan nan nan nan nan nan nan nan nan nan nan nan nan nan nan nan nan nan nan nan nan nan nan nan nan nan nan nan nan nan nan nan nan nan 2.541423254559395661e-01 2.211333913250748129e-01 8.130590113211881576e-02 3.995199545967451638e-01 3.752283934948648647e-01 4.285417818759059694e-01 4.781850579128742451e-01 5.430541955209616800e-01 5.855269577372007594e-01 5.040981915613552689e-01 6.113166140587786845e-01 4.931707956024930506e-01 4.709243740817691259e-01 6.113155908252454473e-01 4.043211259540656077e-01 3.800034436606756771e-01 4.154455871699071490e-01 5.148386502521129504e-01 4.638655349297193808e-01 4.084693893598919101e-01 5.734728049202837408e-01 6.288327580778423354e-01
nan nan nan nan nan nan nan nan nan nan nan nan nan nan nan nan nan nan nan nan nan nan nan nan nan nan nan nan nan nan nan nan nan nan nan nan nan 0.000000000000000000e+00 5.000000015797506230e-07 3.703121085315684291e-01 4.005666526217426249e-01 5.965985920277208088e-01 5.644659144871798651e-01 5.456522670135384168e-01 5.734728049202837408e-01 5.994176817873262397e-01 6.125822518930743588e-01 6.410767916656292531e-01 4.588497866806767189e-01 4.603671021950154207e-01 4.995282848822011346e-01 5.092548815889140768e-01 5.248563994654973364e-01 5.959508862997585643e-01 5.005569674632397437e-01 5.466276745802123305e-01 6.049536138165256816e-01 4.412361780540003942e-01 3.922835382041975349e-01
nan nan nan nan nan nan nan nan nan nan nan nan nan nan nan nan nan nan nan nan nan nan nan nan nan nan nan nan nan nan nan nan nan nan nan nan nan 2.193335286845374821e-01 5.297929777645704608e-01 5.480881025111374871e-01 5.476019256899117282e-01 7.034821049515148639e-01 5.577625754863142493e-01 5.524566238178573174e-01 6.044096484462915253e-01 6.608446676702144362e-01 5.361011248714183663e-01 5.855269577372007594e-01 5.191789787134494238e-01 3.626045711593270382e-01 4.917771679891835834e-01 6.087785883207882387e-01 5.395843366559093246e-01 4.588497866806767189e-01 3.378559949586076860e-01 5.894540681356470468e-01 6.156271510697270966e-01 6.416841851227922389e-01 5.959519314449333027e-01
nan nan nan nan nan nan nan nan nan nan nan nan nan nan nan nan nan nan nan nan nan nan nan nan nan nan nan nan nan nan nan nan nan nan nan nan nan 4.611249050799218763e-01 5.568012315322474759e-01 5.682713810480486405e-01 5.851659846054424463e-01 6.107127124981861499e-01 4.718469930951154634e-01 5.143325576225951101e-01 5.244001797098736262e-01 5.417390682829386073e-01 5.953077119293035402e-01 6.147355548167010575e-01 6.699382012059994507e-01 4.535200218658393956e-01 3.858132521011384819e-01 5.696933979089321420e-01 5.649130953464674976e-01 5.220223245902420039e-01 6.011093377017029393e-01 5.953036570873702082e-01 6.368164943070425688e-01 6.906973161224954083e-01 6.878849391879987563e-01
nan nan nan nan nan nan nan nan nan nan nan nan nan nan nan nan nan nan nan nan nan nan nan nan nan nan nan nan nan nan nan nan nan nan nan nan nan nan 5.087464263304525280e-01 4.697242714660267437e-01 4.574339219547562396e-01 6.414081029469534956e-01 6.138442766417178120e-01 5.989622348239540539e-01 5.985065044923505440e-01 4.670654982813151057e-01 4.389156159465591456e-01 3.857500252316903855e-01 5.422292306052750588e-01 3.573385816662320580e-01 3.604257838234850575e-01 5.363281818308430760e-01 5.354027454286176546e-01 5.520052370126323771e-01 5.069901892631062390e-01 5.595029477226939330e-01 3.670255634190881522e-01 3.719535483888761207e-01 4.122772371145634329e-01
nan nan nan nan nan nan nan nan nan nan nan nan nan nan nan nan nan nan nan nan nan nan nan nan nan nan nan nan nan nan nan nan nan nan nan nan nan nan 4.872885310935131664e-01 5.758256083048221008e-01 6.253536484870989565e-01 7.274511565415450187e-01 6.016914019968160332e-01 5.706399725203948892e-01 6.482342219661519911e-01 4.760769613547538581e-01 5.198836452242960871e-01 4.033957818038329535e-01 5.293901251884657322e-01 3.670255634190881522e-01 4.496968838629465393e-01 5.218935317593169643e-01 5.033737455803538596e-01 6.201289517931964923e-01 5.965985920277208088e-01 3.938954108669963095e-01 3.874350204892931804e-01 3.735920219559242250e-01 4.496968838629465393e-01
nan nan nan nan nan nan nan nan nan nan nan nan nan nan nan nan nan nan nan nan nan nan nan nan nan nan nan nan nan nan nan nan nan nan nan nan nan nan nan 6.392607602193137728e-01 6.142896955443671869e-01 7.270784802056757812e-01 5.911754772172357342e-01 6.093667049590948404e-01 6.587592901620287211e-01 5.630344041356551976e-01 5.416684373514533135e-01 3.988664618885966462e-01 4.943675341434586867e-01 3.379072242886160815e-01 4.656597400617251692e-01 5.519725326206207372e-01 4.902336860636902216e-01 4.489305556994308555e-01 4.381413858811310513e-01 3.833798705024837883e-01 3.841919673805990754e-01 3.817527661441074693e-01 4.178150994079654068e-01
nan nan nan nan nan nan nan nan nan nan nan nan nan nan nan nan nan nan nan nan nan nan nan nan nan nan nan nan nan nan nan nan nan nan nan nan nan nan nan 5.547397570238586928e-01 6.075673589620095294e-01 7.307941389470742344e-01 6.133971351137559314e-01 6.200654407859749195e-01 5.856299641599336248e-01 6.292934949770916386e-01 6.275452307278693853e-01 4.045251614839090459e-01 4.558206965496523488e-01 3.579246161793840919e-01 2.130265997052396554e-01 4.573289646762003779e-01 3.023550231284123369e-01 4.542841791150458719e-01 3.874350204892931804e-01 3.817527661441074693e-01 3.479611807847108884e-01 3.645545337489126680e-01 4.130698311422815738e-01
nan nan nan nan nan nan nan nan nan nan nan nan nan nan nan nan nan nan nan nan nan nan nan nan nan nan nan nan nan nan nan nan nan nan nan nan nan nan nan 6.087775614502620725e-01 6.249137878065427198e-01 7.813128079896947131e-01 6.353782028610137633e-01 6.178494372245432187e-01 5.293901251884657322e-01 5.395843366559093246e-01 4.969515206519782846e-01 4.550453041907531193e-01 4.933327552284504924e-01 4.264594036800385957e-01 2.334448111653353031e-01 2.461631118309830779e-01 3.408253698467870740e-01 4.233245965123689780e-01 4.003212942068392621e-01 3.379072242886160815e-01 3.175887765143570185e-01 3.752283934948648647e-01 2.968677838466328711e-01
nan nan nan nan nan nan nan nan nan nan nan nan nan nan nan nan nan nan nan nan nan nan nan nan nan nan nan nan nan nan nan nan nan nan nan nan nan nan nan 7.478455411109010686e-01 6.951709694150941532e-01 8.173335694087918712e-01 6.410777717761332317e-01 4.246671139000274819e-01 4.233245965123689780e-01 5.026487211081646089e-01 4.489305556994308555e-01 5.283859557179713118e-01 5.561046539673388800e-01 3.595971475864576661e-01 1.848909533250716331e-01 1.143807566619862298e-01 3.858132521011384819e-01 3.719535483888761207e-01 3.612512322917347807e-01 2.978572842866632486e-01 2.354722635887890048e-01 3.265150684359001687e-01 3.431963776869818572e-01
nan nan nan nan nan nan nan nan nan nan nan nan nan nan nan nan nan nan nan nan nan nan nan nan nan nan nan nan nan nan nan nan nan nan nan nan nan nan nan 6.619785438675379607e-01 6.331433104731544192e-01 6.901263008242568553e-01 3.977316455224787495e-01 4.389905971755946879e-01 4.588485601412561343e-01 5.340042491315574180e-01 5.276812033049729234e-01 4.997428397449280024e-01 4.702560249148226013e-01 5.789378483705813760e-01 3.684300410319147345e-01 2.426062249859076148e-01 2.139301814100098009e-01 3.120647245547757409e-01 3.144825094353650430e-01 3.078245229822759166e-01 3.330911320007109433e-01 3.788509407877017621e-01 3.971629135605250216e-01
nan nan nan nan nan nan nan nan nan nan nan nan nan nan nan nan nan nan nan nan nan nan nan nan nan nan nan nan nan nan nan nan nan nan nan nan nan nan nan nan 4.118385703599261038e-01 2.454206067168283600e-01 3.211127538795208736e-01 3.776964472099107462e-01 4.263293568742798634e-01 5.635118621466963518e-01 5.577625754863142493e-01 5.248563994654973364e-01 3.811548864493086164e-01 4.450891840025565926e-01 5.077129070337326189e-01 1.784952184913819739e-01 1.775803233671399417e-01 2.913620610668523070e-01 1.661029668651350100e-01 2.460499726649835461e-01 2.691572586727169480e-01 3.390444917657785551e-01 3.408253698467870740e-01
nan nan nan nan nan nan nan nan nan nan nan nan nan nan nan nan nan nan nan nan nan nan nan nan nan nan nan nan nan nan nan nan nan nan nan nan nan nan nan nan 2.130265997052396554e-01 1.945442448835078553e-01 2.485613888925473358e-01 3.324945334949251374e-01 4.579713847449866093e-01 6.055923487982370901e-01 5.234405209191694830e-01 4.460816106123772218e-01 4.357021833108090658e-01 4.196644841913882984e-01 5.141808173312757413e-01 1.855266359105658958e-01 1.949103755501180035e-01 2.479328196296013975e-01 3.271141136943979122e-01 2.452744822320271911e-01 4.280253641009058030e-01 3.544045652871424257e-01 3.144825094353650430e-01
nan nan nan nan nan nan nan nan nan nan nan nan nan nan nan nan nan nan nan nan nan nan nan nan nan nan nan nan nan nan nan nan nan nan nan nan nan nan nan nan 1.876273370182484634e-01 1.771266608274410792e-01 2.429052282924685224e-01 3.678477248524362753e-01 4.922951477348057603e-01 5.842137079137554867e-01 4.924376807687270152e-01 4.954019951577841030e-01 4.933319182391231461e-01 4.601183887943697259e-01 4.230023683607718743e-01 2.616942844993973560e-01 1.481511763416367145e-01 2.447930734550244070e-01 5.048220589837526528e-01 2.938113155365221774e-01 4.073438342119395927e-01 3.724923621995814838e-01 2.697788029985798697e-01
nan nan nan nan nan nan nan nan nan nan nan nan nan nan nan nan nan nan nan nan nan nan nan nan nan nan nan nan nan nan nan nan nan nan nan nan nan nan nan nan 1.775803233671399417e-01 1.720846897865885849e-01 2.473060788807531774e-01 3.931815629151589886e-01 5.456530553700777997e-01 5.040993614422040192e-01 5.091531103303348349e-01 5.500332795125810748e-01 5.072160319231346914e-01 4.384432305892672077e-01 3.218448507487417509e-01 1.764794457431727304e-01 1.212528404979801439e-01 1.919712839908429558e-01 5.381927888521278458e-01 4.056534500420997946e-01 3.211127538795208736e-01 3.053954156415418786e-01 3.209932222923566614e-01
nan nan nan nan nan nan nan nan nan nan nan nan nan nan nan nan nan nan nan nan nan nan nan nan nan nan nan nan nan nan nan nan nan nan nan nan nan nan nan nan 1.720846897865885849e-01 1.564546427418641306e-01 2.039861916895214788e-01 4.213351238488075579e-01 5.822395490456903078e-01 4.327060549838172565e-01 4.404636370501507359e-01 6.349823875718598742e-01 5.213914946988609245e-01 4.191082502085047290e-01 2.950345848205171984e-01 2.506002875435702770e-01 2.012673920388145243e-01 2.384957770761262086e-01 4.887622617756088306e-01 4.335034065485674493e-01 4.844825981693584582e-01 2.175821210129449124e-01 4.769079258939546984e-01
nan nan nan nan nan nan nan nan nan nan nan nan nan nan nan nan nan nan nan nan nan nan nan nan nan nan nan nan nan nan nan nan nan nan nan nan nan nan nan nan 1.976376346817810548e-01 2.094160517648054609e-01 1.829458344321167051e-01 5.402803644039608777e-01 5.615356654938268299e-01 4.146533679243245563e-01 4.596087293186079115e-01 7.001632250502367594e-01 4.931696117144818148e-01 3.982991891796588968e-01 3.066099459997702614e-01 2.603264786195856328e-01 2.327912197521362636e-01 2.909359544827814781e-01 4.760769613547538581e-01 5.649120067707372739e-01 6.456822082932938134e-01 6.191794495259750342e-01 6.483185631748686895e-01
nan nan nan nan nan nan nan nan nan nan nan nan nan nan nan nan nan nan nan nan nan nan nan nan nan nan nan nan nan nan nan nan nan nan nan nan nan nan nan nan 1.812380867827050879e-01 1.903608803959762064e-01 1.977578148787873802e-01 3.295078576975499773e-01 5.343511026925870100e-01 5.533736518509413393e-01 4.427795697549313791e-01 6.188767688388355781e-01 6.730480921653829718e-01 5.098729261666594681e-01 3.108544142998433957e-01 3.253162487785871693e-01 4.106903999016582318e-01 3.719128159707016379e-01 3.449720023305641314e-01 3.595984845126308782e-01 5.572824360685402212e-01 5.611216921605418628e-01 5.378073516750543348e-01
nan nan nan nan nan nan nan nan nan nan nan nan nan nan nan nan nan nan nan nan nan nan nan nan nan nan nan nan nan nan nan nan nan nan nan nan nan nan nan nan 2.121241228914450272e-01 1.739177512956030236e-01 1.848824503773036088e-01 2.858371035231160873e-01 4.427795697549313791e-01 5.540569930990393299e-01 5.409735690305788047e-01 6.300671157410167034e-01 6.282147467503985672e-01 5.581449202129372678e-01 3.800025131489432884e-01 3.771192696783046694e-01 3.345403972234498036e-01 4.252214731297134787e-01 3.897567593016100229e-01 3.930897438783722553e-01 5.548727489078744135e-01 5.382998292877674285e-01 5.466284620025361196e-01
nan nan nan nan nan nan nan nan nan nan nan nan nan nan nan nan nan nan nan nan nan nan nan nan nan nan nan nan nan nan nan nan nan nan nan nan nan nan nan nan 1.803241015775768896e-01 1.848909533250716331e-01 1.881070221085980876e-01 2.796782691367810103e-01 4.170245386665070164e-01 5.262699602436295976e-01 5.361011248714183663e-01 6.946136915109071275e-01 5.213123572629801972e-01 5.776120906689753420e-01 4.535200218658393956e-01 3.120647245547757409e-01 2.012673920388145243e-01 3.882444474737301587e-01 4.340541875748127332e-01 3.963091746854817132e-01 5.706392083842174445e-01 5.786395140792370828e-01 5.456522670135384168e-01
nan nan nan nan nan nan nan nan nan nan nan nan nan nan nan nan nan nan nan nan nan nan nan nan nan nan nan nan nan nan nan nan nan nan nan nan nan nan nan nan 2.184354742930493254e-01 2.426062249859076148e-01 2.315475519521462688e-01 2.889082118628163998e-01 3.898616941719869611e-01 4.887622617756088306e-01 5.914083484787768796e-01 6.300671157410167034e-01 5.347037868609498812e-01 5.520052370126323771e-01 4.821111276745548291e-01 3.686703142730578531e-01 2.629402113740796909e-01 4.154443098423238889e-01 4.574339219547562396e-01 4.122772371145634329e-01 5.543901012334273570e-01 6.039573139288081371e-01 5.888698338150962774e-01
