output/slam/FS.asc
ncols        600
nrows        400
xllcorner    787667.496200000052
yllcorner    4802245.008799999952
cellsize     40.000000000000
NODATA_value 0
[rows 111 to 147 of 400, columns 420 to 503 of 600]
0 0 0 0 0 0 0 0 0 0 0 0 0 0 0 0 0 0 0 0 0 0 0 0 0 0 0 0 0 0 0 0 0 0 0 0 0 0 0 0 0 0 10 10 10 10 10 10 10 0.73288178443908691406 0.71890586614608764648 0.71750617027282714844 0.74807286262512207031 0.70396095514297485352 0.90571522712707519531 0.93311047554016113281 1.1820280551910400391 1.1206040382385253906 1.0886439085006713867 1.5732164382934570312 1.1929633617401123047 10 10 10 10 10 10 10 10 10 10 1.3681794404983520508 1.1587250232696533203 1.1104024648666381836 0.86870282888412475586 10 10 10 10 10 10 10 10 10
0 0 0 0 0 0 0 0 0 0 0 0 0 0 0 0 0 0 0 0 0 0 0 0 0 0 0 0 0 0 0 0 0 0 0 0 0 0 0 0 0 0 10 10 10 10 10 10 0.84258592128753662109 0.794406890869140625 0.74786770343780517578 0.77058839797973632812 0.75721567869186401367 0.69146263599395751953 0.7841053009033203125 0.90792876482009887695 1.144314885139465332 0.94598233699798583984 0.78097516298294067383 1.0179337263107299805 1.0545481443405151367 1.5959872007369995117 10 10 10 10 10 10 10 10 10 1.15998077392578125 0.98883527517318725586 1.024261474609375 10 10 10 10 10 10 10 10 10 10
0 0 0 0 0 0 0 0 0 0 0 0 0 0 0 0 0 0 0 0 0 0 0 0 0 0 0 0 0 0 0 0 0 0 0 0 0 0 0 10 10 10 10 10 10 10 10 0.69780963659286499023 0.84072291851043701172 0.97178685665130615234 0.82734656333923339844 0.82785838842391967773 0.84886419773101806641 0.70306634902954101562 0.81273561716079711914 1.0286349058151245117 1.4915689229965209961 1.1605985164642333984 0.81255757808685302734 1.0526801347732543945 0.94540762901306152344 1.4718902111053466797 1.9945540428161621094 10 10 10 10 10 10 10 10 0.91976261138916015625 0.99940258264541625977 0.97671544551849365234 10 10 10 10 10 10 10 10 10 10
0 0 0 0 0 0 0 0 0 0 0 0 0 0 0 0 0 0 0 0 0 0 0 0 0 0 0 0 0 0 0 0 0 0 0 0 0 0 0 10 10 10 10 10 10 10 0.87212491035461425781 0.77727043628692626953 1.1696174144744873047 1.4051408767700195312 0.86558771133422851562 0.91035163402557373047 0.89732009172439575195 10 10 10 10 10 10 1.1965610980987548828 1.0170052051544189453 1.054455876350402832 1.1548764705657958984 10 10 10 10 10 10 10 10 0.87146228551864624023 0.99495327472686767578 10 10 10 10 10 10 10 10 10 10 10
0 0 0 0 0 0 0 0 0 0 0 0 0 0 0 0 0 0 0 0 0 0 0 0 0 0 0 0 0 0 0 0 0 0 0 0 0 0 0 10 10 10 10 10 10 10 1.1267523765563964844 0.94005429744720458984 1.1818449497222900391 1.45270538330078125 0.86708545684814453125 10 10 10 10 10 10 10 10 1.2012388706207275391 1.0383038520812988281 0.84149122238159179688 1.1481741666793823242 10 10 10 10 10 10 10 10 0.87719595432281494141 0.94795048236846923828 10 10 10 10 10 10 10 10 10 10 10
0 0 0 0 0 0 0 0 0 0 0 0 0 0 0 0 0 0 0 0 0 0 0 0 0 0 0 0 0 0 0 0 0 0 0 0 0 0 10 10 10 10 10 10 10 1.1223347187042236328 0.99918144941329956055 0.85820335149765014648 1.4945282936096191406 1.0371391773223876953 10 10 10 10 10 10 10 10 10 1.0846951007843017578 0.81250321865081787109 0.82557529211044311523 0.89252543449401855469 1.0923616886138916016 10 10 10 10 10 10 10 0.86600738763809204102 0.94377434253692626953 10 10 10 10 10 10 10 10 10 10 10
0 0 0 0 0 0 0 0 0 0 0 0 0 0 0 0 0 0 0 0 0 0 0 0 0 0 0 0 0 0 0 0 0 0 0 0 0 0 0 10 10 10 10 10 10 1.3177781105041503906 0.77441167831420898438 0.79363656044006347656 0.67939007282257080078 10 10 10 10 10 10 10 10 10 10 1.1067051887512207031 0.85148823261260986328 0.82235312461853027344 0.84401649236679077148 1.0079649686813354492 10 10 10 10 10 10 0.93557769060134887695 0.87470769882202148438 0.85186159610748291016 10 10 10 10 10 10 10 10 10 10 10
0 0 0 0 0 0 0 0 0 0 0 0 0 0 0 0 0 0 0 0 0 0 0 0 0 0 0 0 0 0 0 0 0 0 0 0 0 0 10 10 10 10 10 10 1.0670529603958129883 1.4871344566345214844 0.68742173910140991211 1.2018224000930786133 10 10 10 10 10 10 10 10 10 10 10 1.1968939304351806641 0.81407910585403442383 0.69495069980621337891 0.95483666658401489258 0.9380944371223449707 10 10 10 10 10 10 1.0538216829299926758 0.87096863985061645508 0.79050481319427490234 10 10 10 10 10 10 10 10 10 10 10
0 0 0 0 0 0 0 0 0 0 0 0 0 0 0 0 0 0 0 0 0 0 0 0 0 0 0 0 0 0 0 0 0 0 0 0 0 0 10 10 10 10 10 0.99782663583755493164 0.94542753696441650391 0.8648357391357421875 0.7428309321403503418 10 10 10 10 10 10 10 10 10 10 10 10 1.1519652605056762695 0.78486293554306030273 0.65862822532653808594 0.91119581460952758789 0.98338067531585693359 10 10 10 10 10 1.1948912143707275391 1.1289527416229248047 0.73517042398452758789 0.75210213661193847656 10 10 10 10 10 10 10 10 10 10 10
0 0 0 0 0 0 0 0 0 0 0 0 0 0 0 0 0 0 0 0 0 0 0 0 0 0 0 0 0 0 0 0 0 0 0 0 10 10 10 10 10 10 10 1.354766845703125 0.93078768253326416016 0.77239000797271728516 10 10 10 10 10 10 10 10 10 10 10 10 10 1.1097732782363891602 0.80966264009475708008 0.6576226353645324707 0.83520478010177612305 0.83599865436553955078 10 10 10 10 10 1.2578890323638916016 1.2514258623123168945 0.64949697256088256836 0.73971998691558837891 10 10 10 10 10 10 10 10 10 10 10
0 0 0 0 0 0 0 0 0 0 0 0 0 0 0 0 0 0 0 0 0 0 0 0 0 0 0 0 0 0 0 0 0 0 0 0 10 10 10 10 10 10 1.126833796501159668 1.359930872917175293 1.6960194110870361328 0.68068701028823852539 10 10 10 10 10 10 10 10 10 10 10 10 10 1.0617967844009399414 0.82333886623382568359 0.66429913043975830078 0.7094516754150390625 0.7682177424430847168 1.4176304340362548828 10 10 10 1.0785062313079833984 1.0766503810882568359 0.95697534084320068359 0.64228868484497070312 10 10 10 10 10 10 10 10 10 10 10 10
0 0 0 0 0 0 0 0 0 0 0 0 0 0 0 0 0 0 0 0 0 0 0 0 0 0 0 0 0 0 0 0 0 0 0 0 10 10 10 10 10 0.98235452175140380859 0.83949202299118041992 0.86231976747512817383 1.110430598258972168 10 10 10 10 10 10 10 10 10 10 10 10 10 10 10 0.93013018369674682617 0.60270524024963378906 0.6932830810546875 0.73635804653167724609 2.6744501590728759766 10 10 10 0.92707335948944091797 1.0604876279830932617 0.84253305196762084961 0.65130138397216796875 10 10 10 10 10 10 10 10 10 10 10 10
0 0 0 0 0 0 0 0 0 0 0 0 0 0 0 0 0 0 0 0 0 0 0 0 0 0 0 0 0 0 0 0 0 0 10 10 10 10 10 10 1.1425697803497314453 0.93269670009613037109 0.98821747303009033203 0.75613445043563842773 10 10 10 10 10 10 10 10 10 10 10 10 10 10 10 10 10 0.67232412099838256836 0.68198609352111816406 0.71791493892669677734 1.246612548828125 10 10 0.71503525972366333008 1.0180405378341674805 1.5292186737060546875 0.97995704412460327148 0.69063782691955566406 10 10 10 10 10 10 10 10 10 10 10 10
0 0 0 0 0 0 0 0 0 0 0 0 0 0 0 0 0 0 0 0 0 0 0 0 0 0 0 0 0 0 0 0 0 0 10 10 10 10 10 10 1.1196339130401611328 0.97505223751068115234 0.79389011859893798828 10 10 10 10 10 10 10 10 10 10 10 10 10 10 10 10 10 10 0.70857226848602294922 0.695850372314453125 0.73937320709228515625 2.4956095218658447266 2.2481205463409423828 0.91311895847320556641 0.70619595050811767578 0.93141865730285644531 1.0092206001281738281 0.81930458545684814453 10 10 10 10 10 10 10 10 10 10 10 10 10
0 0 0 0 0 0 0 0 0 0 0 0 0 0 0 0 0 0 0 0 0 0 0 0 0 0 0 0 0 0 0 0 0 0 10 10 10 10 10 0.95173150300979614258 0.92821347713470458984 0.85168731212615966797 0.71098154783248901367 10 10 10 10 10 10 10 10 10 10 10 10 10 10 10 10 10 10 0.73361241817474365234 0.75148224830627441406 1.1003892421722412109 10 1.3413319587707519531 0.7991536259651184082 0.7042624354362487793 0.85040658712387084961 0.8443482518196105957 0.68920528888702392578 10 10 10 10 10 10 10 10 10 10 10 10 10
0 0 0 0 0 0 0 0 0 0 0 0 0 0 0 0 0 0 0 0 0 0 0 0 0 0 0 0 0 0 0 0 0 0 10 10 10 10 10 0.75724828243255615234 0.96046960353851318359 1.0990929603576660156 10 10 10 10 10 10 10 10 10 10 10 10 10 10 10 10 10 10 10 0.71933138370513916016 0.93222671747207641602 2.8943705558776855469 1.329039454460144043 0.80944406986236572266 0.7986698150634765625 0.70393157005310058594 0.78793126344680786133 10 10 10 10 10 10 10 10 10 10 10 10 10 10 10
0 0 0 0 0 0 0 0 0 0 0 0 0 0 0 0 0 0 0 0 0 0 0 0 0 0 0 0 0 0 0 0 0 0 10 10 10 10 10 0.71638315916061401367 0.75069117546081542969 0.72799211740493774414 10 10 10 10 10 10 10 10 10 10 10 10 10 10 10 10 10 10 10 0.72617036104202270508 4.0587711334228515625 4.7965803146362304688 1.0271790027618408203 0.7370478510856628418 0.76290869712829589844 10 10 10 10 10 10 10 10 10 10 10 10 10 10 10 10 10
0 0 0 0 0 0 0 0 0 0 0 0 0 0 0 0 0 0 0 0 0 0 0 0 0 0 0 0 0 0 0 0 0 10 10 10 10 10 10 0.77589815855026245117 0.71753728389739990234 0.79337358474731445312 10 10 10 10 10 10 10 10 10 10 10 10 10 10 10 10 10 10 10 1.2479643821716308594 10 1.2512400150299072266 0.75428169965744018555 10 10 10 10 10 10 10 10 10 10 10 10 10 10 10 10 10 10 10
0 0 0 0 0 0 0 0 0 0 0 0 0 0 0 0 0 0 0 0 0 0 0 0 0 0 0 0 0 0 0 0 10 10 10 10 10 10 0.89891612529754638672 0.85500311851501464844 0.71601092815399169922 10 10 10 10 10 10 10 10 10 10 10 10 10 10 10 10 10 10 10 10 10 0.72453522682189941406 0.71385139226913452148 10 10 10 10 10 10 10 10 10 10 10 10 10 10 10 10 10 10 10 10
0 0 0 0 0 0 0 0 0 0 0 0 0 0 0 0 0 0 0 0 0 0 0 0 0 0 0 0 0 0 0 0 10 10 10 10 10 10 0.95030105113983154297 0.91925454139709472656 0.78563642501831054688 10 10 10 10 10 10 10 10 10 10 10 10 10 10 10 10 10 10 10 10 10 10 10 10 10 10 10 10 10 10 10 10 10 10 10 10 10 10 10 10 10 10 0.96168023347854614258
0 0 0 0 0 0 0 0 0 0 0 0 0 0 0 0 0 0 0 0 0 0 0 0 0 0 0 0 0 0 0 0 10 10 10 10 10 10 0.92770516872406005859 0.93840605020523071289 0.80075871944427490234 10 10 10 10 10 10 10 10 10 10 10 10 10 10 10 10 10 10 10 10 10 10 10 10 10 10 10 10 10 10 10 10 10 10 10 10 10 10 10 10 1.1270329952239990234 0.9600543975830078125 0.99850070476531982422
0 0 0 0 0 0 0 0 0 0 0 0 0 0 0 0 0 0 0 0 0 0 0 0 0 0 0 0 0 0 0 0 10 10 10 10 10 10 0.93158769607543945312 0.91376006603240966797 0.81030404567718505859 10 10 10 10 10 10 10 10 10 10 10 10 10 10 10 10 10 10 10 10 10 10 10 10 10 10 10 10 10 10 10 10 10 10 10 10 10 10 0.93956166505813598633 1.0009628534317016602 1.0648870468139648438 1.1448267698287963867 1.3882478475570678711
0 0 0 0 0 0 0 0 0 0 0 0 0 0 0 0 0 0 0 0 0 0 0 0 0 0 0 0 0 0 0 0 10 10 10 10 10 0.917934417724609375 0.90605980157852172852 0.92264086008071899414 10 10 10 10 10 10 10 10 10 10 10 10 10 10 10 10 10 10 10 10 10 10 10 10 10 10 10 10 10 10 10 10 10 10 10 10 10 10 10 10 10 10 10 10
0 0 0 0 0 0 0 0 0 0 0 0 0 0 0 0 0 0 0 0 0 0 0 0 0 0 0 0 0 0 0 0 10 10 10 10 10 0.87113738059997558594 0.86645948886871337891 0.90474593639373779297 10 10 10 10 10 10 10 10 10 10 10 10 10 10 10 10 10 10 10 10 10 10 10 10 10 10 10 10 10 10 10 10 10 10 10 10 10 10 10 10 10 10 10 10
0 0 0 0 0 0 0 0 0 0 0 0 0 0 0 0 0 0 0 0 0 0 0 0 0 0 0 0 0 0 0 10 10 10 10 10 0.92493224143981933594 0.82862013578414916992 0.85480177402496337891 0.91121637821197509766 10 10 10 10 10 10 10 10 10 10 10 10 10 10 10 10 10 10 10 10 10 10 10 10 10 10 10 10 10 10 10 10 10 10 10 10 10 10 10 10 10 10 10 10
0 0 0 0 0 0 0 0 0 0 0 0 0 0 0 0 0 0 0 0 0 0 0 0 0 0 0 0 0 0 0 10 10 10 10 10 0.86885595321655273438 0.83386075496673583984 0.84471362829208374023 10 10 10 10 10 10 10 10 10 10 10 10 10 10 10 10 10 10 10 10 10 10 10 10 10 10 10 10 10 10 10 10 10 10 10 10 10 10 10 10 10 10 10 10 10
0 0 0 0 0 0 0 0 0 0 0 0 0 0 0 0 0 0 0 0 0 0 0 0 0 0 0 0 0 0 10 10 10 10 10 0.80401718616485595703 0.80477428436279296875 0.84291815757751464844 0.86460089683532714844 10 10 10 10 10 10 10 10 10 10 10 10 10 10 10 10 10 10 10 10 10 10 10 10 10 10 10 10 10 10 10 10 10 10 10 10 10 10 10 10 10 10 10 10 10
0 0 0 0 0 0 0 0 0 0 0 0 0 0 0 0 0 0 0 0 0 0 0 0 0 0 0 0 0 0 10 10 10 10 0.87303704023361206055 1.2344062328338623047 0.81928360462188720703 0.81419813632965087891 10 10 10 10 10 10 10 10 10 10 10 10 10 10 10 10 10 10 10 10 10 10 10 10 10 10 10 10 10 10 10 10 10 10 10 10 10 10 10 10 10 10 10 10 10 10
0 0 0 0 0 0 0 0 0 0 0 0 0 0 0 0 0 0 0 0 0 0 0 0 0 0 0 0 0 0 10 10 10 10 0.8400542140007019043 0.76609468460083007812 0.7813141942024230957 0.84196907281875610352 10 10 10 10 10 10 10 10 10 10 10 10 10 10 10 10 10 10 10 10 10 10 10 10 10 10 10 10 10 10 10 10 10 10 10 10 10 10 10 10 10 10 10 10 10 10
0 0 0 0 0 0 0 0 0 0 0 0 0 0 0 0 0 0 0 0 0 0 0 0 0 0 0 0 0 0 0 10 10 1.0930297374725341797 0.72299540042877197266 0.72495341300964355469 0.768280029296875 10 10 10 10 10 10 10 10 10 10 10 10 10 10 10 10 10 10 10 10 10 10 10 10 10 10 10 10 10 10 10 10 10 10 10 10 10 10 10 10 10 10 10 10 10 10 10
0 0 0 0 0 0 0 0 0 0 0 0 0 0 0 0 0 0 0 0 0 0 0 0 0 0 0 0 0 0 0 10 10 1.1283086538314819336 0.73205673694610595703 0.67157793045043945312 0.75127100944519042969 10 10 10 10 10 10 10 10 10 10 10 10 10 10 10 10 10 10 10 10 10 10 10 10 10 10 10 10 10 10 10 10 10 10 10 10 10 10 10 10 10 10 10 10 10 10 10
0 0 0 0 0 0 0 0 0 0 0 0 0 0 0 0 0 0 0 0 0 0 0 0 0 0 0 0 0 0 0 10 1.0352346897125244141 0.96219527721405029297 0.70888316631317138672 0.69311022758483886719 0.77550673484802246094 10 10 10 10 10 10 10 10 10 10 10 10 10 10 10 10 10 10 10 10 10 10 10 10 10 10 10 10 10 10 10 10 10 10 10 10 10 10 10 10 10 10 10 10 10 10 10
0 0 0 0 0 0 0 0 0 0 0 0 0 0 0 0 0 0 0 0 0 0 0 0 0 0 0 0 0 0 10 10 1.2476829290390014648 0.73771595954895019531 0.69830214977264404297 0.7223612666130065918 0.85911929607391357422 10 10 10 10 10 10 10 10 10 10 10 10 10 10 10 10 10 10 10 10 10 10 10 10 10 10 10 10 10 10 10 10 10 10 10 10 10 10 10 10 10 10 10 10 10 10 10
0 0 0 0 0 0 0 0 0 0 0 0 0 0 0 0 0 0 0 0 0 0 0 0 0 0 0 0 0 0 10 2.2751395702362060547 1.1511861085891723633 0.67349034547805786133 0.7545782923698425293 0.80612492561340332031 0.79187023639678955078 10 10 10 10 10 10 10 10 10 10 10 10 10 10 10 10 10 10 10 10 10 10 10 10 10 10 10 10 10 10 10 10 10 10 10 10 10 10 10 10 10 10 10 10 10 10 10
0 0 0 0 0 0 0 0 0 0 0 0 0 0 0 0 0 0 0 0 0 0 0 0 0 0 0 0 0 0 10 1.9920127391815185547 0.90608942508697509766 0.6983025670051574707 1.1213843822479248047 0.88000524044036865234 0.85525035858154296875 10 10 10 10 10 10 10 10 10 10 10 10 10 10 10 10 10 10 10 10 10 10 10 10 10 10 10 10 10 10 10 10 10 10 10 10 10 10 10 10 10 10 10 10 10 10 10
0 0 0 0 0 0 0 0 0 0 0 0 0 0 0 0 0 0 0 0 0 0 0 0 0 0 0 0 0 0 0 2.1226229667663574219 0.91211783885955810547 0.933628082275390625 1.0960750579833984375 0.88132584095001220703 0.82009971141815185547 0.82665580511093139648 10 10 10 10 10 10 10 10 10 10 10 10 10 10 10 10 10 10 10 10 10 10 10 10 10 10 10 10 10 10 10 10 10 10 10 10 10 10 10 10 10 10 10 10 10 10
0 0 0 0 0 0 0 0 0 0 0 0 0 0 0 0 0 0 0 0 0 0 0 0 0 0 0 0 0 10 10 10 10 1.6794681549072265625 1.4485762119293212891 1.1231304407119750977 0.89001822471618652344 0.82229590415954589844 10 10 10 10 10 10 10 10 10 10 10 10 10 10 10 10 10 10 10 10 10 10 10 10 10 10 10 10 10 10 10 10 10 10 10 10 10 10 10 10 10 10 10 10 10 10
